{
    "animation": [
        {
            "name": "Root",
            "time": [0.0167, 0.0333, 0.05, 0.0667, 0.0833, 0.1, 0.1167, 0.1333, 0.15, 0.1667, 0.1833, 0.2, 0.2167, 0.2333, 0.25, 0.2667, 0.2833, 0.3, 0.3167, 0.3333, 0.35, 0.3667, 0.3833, 0.4, 0.4167, 0.4333, 0.45, 0.4667, 0.4833, 0.5, 0.5167, 0.5333, 0.55, 0.5667, 0.5833, 0.6, 0.6167, 0.6333, 0.65, 0.6667, 0.6833, 0.7, 0.7167, 0.7333, 0.75, 0.7667, 0.7833, 0.8, 0.8167, 0.8333, 0.85, 0.8667, 0.8833, 0.9, 0.9167, 0.9333, 0.95, 0.9667, 0.9833, 1.0, 1.0167, 1.0333, 1.05, 1.0667, 1.0833, 1.1, 1.1167, 1.1333, 1.15, 1.1667, 1.1833, 1.2, 1.2167, 1.2333, 1.25, 1.2667, 1.2833, 1.3, 1.3167, 1.3333, 1.35, 1.3667, 1.3833, 1.4, 1.4167, 1.4333, 1.45, 1.4667, 1.4833, 1.5, 1.5167, 1.5333, 1.55, 1.5667, 1.5833, 1.6, 1.6167, 1.6333, 1.65, 1.6667, 1.6833, 1.7, 1.7167, 1.7333, 1.75, 1.7667, 1.7833, 1.8, 1.8167, 1.8333, 1.85, 1.8667, 1.8833, 1.9, 1.9167, 1.9333, 1.95, 1.9667, 1.9833, 2.0, 2.0167, 2.0333, 2.05, 2.0667, 2.0833, 2.1, 2.1167, 2.1333, 2.15, 2.1667, 2.1833, 2.2, 2.2167, 2.2333, 2.25, 2.2667, 2.2833, 2.3, 2.3167, 2.3333, 2.35, 2.3667, 2.3833, 2.4, 2.4167, 2.4333, 2.45, 2.4667, 2.4833, 2.5, 2.5167, 2.5333, 2.55, 2.5667, 2.5833, 2.6, 2.6167, 2.6333, 2.65, 2.6667, 2.6833, 2.7, 2.7167, 2.7333, 2.75, 2.7667, 2.7833, 2.8, 2.8167, 2.8333, 2.85, 2.8667, 2.8833, 2.9, 2.9167, 2.9333, 2.95, 2.9667, 2.9833, 3.0, 3.0167, 3.0333, 3.05, 3.0667, 3.0833, 3.1, 3.1167, 3.1333, 3.15, 3.1667, 3.1833, 3.2, 3.2167, 3.2333, 3.25, 3.2667, 3.2833, 3.3, 3.3167, 3.3333],
            "transform": [
                [0.938646, -0.01119, -0.3447, -0.006172, -0.344369, 0.024084, -0.938526, 0.022064, 0.018803, 0.999647, 0.018753, 0.749983, 0.0, 0.0, 0.0, 1.0],
                [0.936825, -0.010948, -0.349627, -0.006684, -0.349299, 0.02414, -0.9367, 0.022656, 0.018695, 0.999649, 0.018791, 0.748577, 0.0, 0.0, 0.0, 1.0],
                [0.931292, -0.010265, -0.364128, -0.00822, -0.363807, 0.0243, -0.931157, 0.024621, 0.018406, 0.999652, 0.018896, 0.74446, 0.0, 0.0, 0.0, 1.0],
                [0.921744, -0.009203, -0.38769, -0.010775, -0.387381, 0.024542, -0.921593, 0.028243, 0.017996, 0.999656, 0.019057, 0.737789, 0.0, 0.0, 0.0, 1.0],
                [0.90763, -0.007822, -0.419698, -0.014346, -0.419405, 0.024836, -0.907459, 0.033805, 0.017522, 0.999661, 0.019261, 0.728718, 0.0, 0.0, 0.0, 1.0],
                [0.888186, -0.006179, -0.459442, -0.018931, -0.459168, 0.025147, -0.887994, 0.04159, 0.017041, 0.999665, 0.019498, 0.717403, 0.0, 0.0, 0.0, 1.0],
                [0.862462, -0.00433, -0.506103, -0.024525, -0.505849, 0.02544, -0.862247, 0.051882, 0.016609, 0.999667, 0.019751, 0.703998, 0.0, 0.0, 0.0, 1.0],
                [0.829348, -0.00233, -0.558727, -0.031127, -0.558495, 0.02568, -0.829111, 0.064963, 0.01628, 0.999668, 0.019996, 0.688658, 0.0, 0.0, 0.0, 1.0],
                [0.787603, -0.000234, -0.616183, -0.038732, -0.615973, 0.025836, -0.787343, 0.081117, 0.016104, 0.999666, 0.020204, 0.671539, 0.0, 0.0, 0.0, 1.0],
                [0.735881, 0.001901, -0.677108, -0.047338, -0.676919, 0.025882, -0.735603, 0.100627, 0.016127, 0.999663, 0.020333, 0.652795, 0.0, 0.0, 0.0, 1.0],
                [0.67278, 0.004016, -0.739832, -0.056941, -0.739661, 0.0258, -0.672485, 0.123776, 0.016387, 0.999659, 0.020328, 0.632582, 0.0, 0.0, 0.0, 1.0],
                [0.596898, 0.00605, -0.802294, -0.067538, -0.802139, 0.025581, -0.59659, 0.150849, 0.016914, 0.999654, 0.020122, 0.611055, 0.0, 0.0, 0.0, 1.0],
                [0.506936, 0.007938, -0.861947, -0.079126, -0.861802, 0.025226, -0.506618, 0.182127, 0.017722, 0.99965, 0.019629, 0.588369, 0.0, 0.0, 0.0, 1.0],
                [0.401841, 0.009618, -0.915659, -0.091701, -0.915517, 0.024753, -0.401518, 0.217894, 0.018803, 0.999647, 0.018753, 0.564678, 0.0, 0.0, 0.0, 1.0],
                [0.280747, 0.010887, -0.95972, -0.105171, -0.959569, 0.024254, -0.280428, 0.258308, 0.020224, 0.999647, 0.017256, 0.540244, 0.0, 0.0, 0.0, 1.0],
                [0.145394, 0.011639, -0.989305, -0.119085, -0.989132, 0.023832, -0.145088, 0.303017, 0.021888, 0.999648, 0.014978, 0.515744, 0.0, 0.0, 0.0, 1.0],
                [0.000134, 0.011958, -0.999929, -0.1329, -0.999723, 0.023529, 0.000147, 0.351546, 0.02353, 0.999651, 0.011958, 0.491966, 0.0, 0.0, 0.0, 1.0],
                [-0.149406, 0.011933, -0.988704, -0.146075, -0.988462, 0.023382, 0.149652, 0.403418, 0.024904, 0.999655, 0.008302, 0.469692, 0.0, 0.0, 0.0, 1.0],
                [-0.297012, 0.011659, -0.954802, -0.158069, -0.954524, 0.023405, 0.297211, 0.458156, 0.025812, 0.999658, 0.004177, 0.449709, 0.0, 0.0, 0.0, 1.0],
                [-0.436729, 0.011223, -0.899524, -0.16834, -0.899214, 0.023591, 0.436873, 0.515285, 0.026124, 0.999659, -0.000211, 0.4328, 0.0, 0.0, 0.0, 1.0],
                [-0.563643, 0.010702, -0.825949, -0.176347, -0.825616, 0.023912, 0.563726, 0.574327, 0.025783, 0.999657, -0.004642, 0.419751, 0.0, 0.0, 0.0, 1.0],
                [-0.674396, 0.010155, -0.7383, -0.181548, -0.737953, 0.02432, 0.674414, 0.634806, 0.024804, 0.999653, -0.008907, 0.411346, 0.0, 0.0, 0.0, 1.0],
                [-0.767312, 0.009618, -0.641201, -0.183402, -0.640851, 0.024753, 0.767265, 0.696246, 0.023251, 0.999647, -0.012829, 0.40837, 0.0, 0.0, 0.0, 1.0],
                [-0.842969, 0.009111, -0.537886, -0.172256, -0.537546, 0.025114, 0.842861, 0.758102, 0.021188, 0.999643, -0.016273, 0.40869, 0.0, 0.0, 0.0, 1.0],
                [-0.902688, 0.008658, -0.430209, -0.14287, -0.429888, 0.025367, 0.902526, 0.819558, 0.018727, 0.999641, -0.019177, 0.409549, 0.0, 0.0, 0.0, 1.0],
                [-0.947216, 0.008298, -0.32049, -0.101325, -0.320196, 0.025527, 0.947008, 0.879733, 0.01604, 0.99964, -0.021522, 0.410796, 0.0, 0.0, 0.0, 1.0],
                [-0.977471, 0.008078, -0.210914, -0.0537, -0.21065, 0.0256, 0.977226, 0.937743, 0.013294, 0.99964, -0.023321, 0.412279, 0.0, 0.0, 0.0, 1.0],
                [-0.994592, 0.008048, -0.103548, -0.006075, -0.103313, 0.025578, 0.99432, 0.992704, 0.010651, 0.99964, -0.024609, 0.413847, 0.0, 0.0, 0.0, 1.0],
                [-0.999966, 0.00826, -0.000328, 0.03547, -0.000118, 0.025447, 0.999677, 1.043735, 0.008265, 0.999642, -0.025446, 0.415348, 0.0, 0.0, 0.0, 1.0],
                [-0.995248, 0.008766, 0.096987, 0.064855, 0.09718, 0.025182, 0.994949, 1.089951, 0.00628, 0.999644, -0.025914, 0.416631, 0.0, 0.0, 0.0, 1.0],
                [-0.982338, 0.009618, 0.186869, 0.076002, 0.187054, 0.024753, 0.982038, 1.130469, 0.00482, 0.999647, -0.026115, 0.417544, 0.0, 0.0, 0.0, 1.0],
                [-0.963224, 0.01072, 0.268488, 0.073724, 0.268674, 0.02417, 0.962928, 1.164752, 0.003833, 0.99965, -0.026161, 0.418171, 0.0, 0.0, 0.0, 1.0],
                [-0.939614, 0.011914, 0.342029, 0.067382, 0.342222, 0.023468, 0.939326, 1.193638, 0.003164, 0.999653, -0.026128, 0.418701, 0.0, 0.0, 0.0, 1.0],
                [-0.912998, 0.01316, 0.407752, 0.057716, 0.407955, 0.022661, 0.912721, 1.218313, 0.002771, 0.999657, -0.026059, 0.419143, 0.0, 0.0, 0.0, 1.0],
                [-0.884683, 0.014424, 0.465971, 0.045464, 0.466187, 0.021769, 0.884419, 1.239959, 0.002613, 0.999659, -0.025983, 0.419505, 0.0, 0.0, 0.0, 1.0],
                [-0.855829, 0.015671, 0.517022, 0.031365, 0.517252, 0.020816, 0.85558, 1.25976, 0.002645, 0.99966, -0.02592, 0.419795, 0.0, 0.0, 0.0, 1.0],
                [-0.827479, 0.016872, 0.561243, 0.016157, 0.56149, 0.019832, 0.827246, 1.278902, 0.002827, 0.999661, -0.025884, 0.420021, 0.0, 0.0, 0.0, 1.0],
                [-0.800578, 0.017999, 0.598958, 0.000581, 0.599221, 0.018851, 0.800362, 1.298567, 0.003115, 0.99966, -0.025877, 0.420191, 0.0, 0.0, 0.0, 1.0],
                [-0.77599, 0.019026, 0.630459, -0.014627, 0.630737, 0.01791, 0.775791, 1.319941, 0.003469, 0.999658, -0.025899, 0.420312, 0.0, 0.0, 0.0, 1.0],
                [-0.754501, 0.019929, 0.655997, -0.028726, 0.656288, 0.01705, 0.754318, 1.344206, 0.003848, 0.999656, -0.025943, 0.420394, 0.0, 0.0, 0.0, 1.0],
                [-0.736826, 0.020681, 0.675766, -0.040978, 0.676069, 0.01631, 0.736658, 1.372547, 0.004213, 0.999653, -0.025999, 0.420443, 0.0, 0.0, 0.0, 1.0],
                [-0.7236, 0.021256, 0.689892, -0.050644, 0.690205, 0.015733, 0.723443, 1.406149, 0.004523, 0.99965, -0.026055, 0.420469, 0.0, 0.0, 0.0, 1.0],
                [-0.715365, 0.021625, 0.698417, -0.056986, 0.698736, 0.01536, 0.715215, 1.446195, 0.004739, 0.999648, -0.026098, 0.420478, 0.0, 0.0, 0.0, 1.0],
                [-0.712546, 0.021756, 0.701288, -0.059264, 0.701608, 0.015228, 0.7124, 1.493868, 0.00482, 0.999647, -0.026115, 0.420479, 0.0, 0.0, 0.0, 1.0],
                [-0.712546, 0.021756, 0.701288, -0.059264, 0.701608, 0.015228, 0.7124, 1.550919, 0.00482, 0.999647, -0.026115, 0.421056, 0.0, 0.0, 0.0, 1.0],
                [-0.712547, 0.021756, 0.701288, -0.059264, 0.701609, 0.015228, 0.7124, 1.621353, 0.00482, 0.999647, -0.026115, 0.425097, 0.0, 0.0, 0.0, 1.0],
                [-0.712546, 0.021756, 0.701288, -0.059264, 0.701608, 0.015228, 0.7124, 1.70974, 0.00482, 0.999647, -0.026115, 0.436064, 0.0, 0.0, 0.0, 1.0],
                [-0.521692, 0.205134, 0.828104, -0.100965, 0.852818, 0.099009, 0.512735, 1.819838, 0.02319, 0.973713, -0.226594, 0.487726, 0.0, 0.0, 0.0, 1.0],
                [-0.301404, 0.394944, 0.867857, -0.142666, 0.953464, 0.132442, 0.270863, 1.95215, -0.007965, 0.909109, -0.416483, 0.583934, 0.0, 0.0, 0.0, 1.0],
                [-0.356424, 0.292972, 0.887203, -0.129717, 0.930169, 0.200724, 0.307402, 2.101231, -0.088023, 0.934814, -0.344056, 0.687555, 0.0, 0.0, 0.0, 1.0],
                [-0.430896, 0.071089, 0.899597, -0.10567, 0.864995, 0.316584, 0.389305, 2.241102, -0.257123, 0.945897, -0.197907, 0.77857, 0.0, 0.0, 0.0, 1.0],
                [-0.442939, -0.098449, 0.891131, -0.092721, 0.812448, 0.376236, 0.445394, 2.340647, -0.379124, 0.921279, -0.086665, 0.841236, 0.0, 0.0, 0.0, 1.0],
                [-0.363645, -0.132975, 0.921998, -0.094004, 0.83773, 0.386175, 0.386105, 2.385401, -0.407395, 0.91279, -0.029033, 0.868975, 0.0, 0.0, 0.0, 1.0],
                [-0.204165, -0.114032, 0.972272, -0.096387, 0.889165, 0.393878, 0.23291, 2.399484, -0.409516, 0.912062, 0.020978, 0.877494, 0.0, 0.0, 0.0, 1.0],
                [-0.032561, -0.098449, 0.994609, -0.09767, 0.906381, 0.41647, 0.070895, 2.409658, -0.421204, 0.903804, 0.075672, 0.884481, 0.0, 0.0, 0.0, 1.0],
                [0.102979, -0.091068, 0.990506, -0.09767, 0.864842, 0.500119, -0.043932, 2.436616, -0.49137, 0.861155, 0.130261, 0.903523, 0.0, 0.0, 0.0, 1.0],
                [0.215409, -0.06008, 0.974674, -0.09767, 0.760474, 0.636459, -0.128838, 2.476781, -0.612599, 0.768967, 0.182789, 0.931801, 0.0, 0.0, 0.0, 1.0],
                [0.320622, -0.007284, 0.947179, -0.09767, 0.599988, 0.77534, -0.197135, 2.520503, -0.73295, 0.631502, 0.252961, 0.962397, 0.0, 0.0, 0.0, 1.0],
                [0.436848, 0.065308, 0.897162, -0.09767, 0.40016, 0.879132, -0.258842, 2.558135, -0.805628, 0.472083, 0.357913, 0.98839, 0.0, 0.0, 0.0, 1.0],
                [0.582367, 0.159339, 0.797157, -0.09767, 0.181343, 0.930429, -0.318459, 2.58003, -0.792442, 0.330019, 0.512956, 1.002863, 0.0, 0.0, 0.0, 1.0],
                [0.728385, 0.298918, 0.616525, -0.09767, -0.063876, 0.925522, -0.373268, 2.587637, -0.682184, 0.232502, 0.693231, 1.006223, 0.0, 0.0, 0.0, 1.0],
                [0.802079, 0.457736, 0.383597, -0.09767, -0.30973, 0.867999, -0.38813, 2.59044, -0.510623, 0.1925, 0.837979, 1.006735, 0.0, 0.0, 0.0, 1.0],
                [0.806652, 0.567633, 0.16464, -0.09767, -0.488586, 0.797186, -0.354653, 2.59084, -0.332561, 0.20564, 0.920389, 1.009269, 0.0, 0.0, 0.0, 1.0],
                [0.800168, 0.59974, 0.006582, -0.09767, -0.5696, 0.7633, -0.304844, 2.591274, -0.187851, 0.240177, 0.95238, 1.017353, 0.0, 0.0, 0.0, 1.0],
                [0.807665, 0.579064, -0.111183, -0.09767, -0.586028, 0.767474, -0.259912, 2.594311, -0.065175, 0.275078, 0.95921, 1.029158, 0.0, 0.0, 0.0, 1.0],
                [0.815369, 0.535404, -0.220264, -0.09767, -0.57608, 0.788105, -0.216848, 2.602555, 0.05749, 0.303701, 0.951032, 1.041515, 0.0, 0.0, 0.0, 1.0],
                [0.795692, 0.49674, -0.346589, -0.09767, -0.572281, 0.803992, -0.161531, 2.618608, 0.198416, 0.326875, 0.924004, 1.051253, 0.0, 0.0, 0.0, 1.0],
                [0.710831, 0.490956, -0.503668, -0.09767, -0.600581, 0.796376, -0.071329, 2.645075, 0.36609, 0.353196, 0.860948, 1.055203, 0.0, 0.0, 0.0, 1.0],
                [0.49556, 0.531126, -0.687259, -0.09767, -0.676462, 0.732317, 0.078173, 2.689708, 0.544812, 0.426165, 0.722194, 1.05147, 0.0, 0.0, 0.0, 1.0],
                [0.146929, 0.560779, -0.814825, -0.09767, -0.734317, 0.613749, 0.289983, 2.750753, 0.662715, 0.555733, 0.501967, 1.042601, 0.0, 0.0, 0.0, 1.0],
                [-0.199368, 0.543497, -0.815391, -0.09767, -0.709261, 0.494128, 0.502778, 2.81655, 0.676166, 0.678563, 0.286968, 1.032095, 0.0, 0.0, 0.0, 1.0],
                [-0.386799, 0.533715, -0.75202, -0.09767, -0.643568, 0.427829, 0.634651, 2.87544, 0.660459, 0.729459, 0.177999, 1.023449, 0.0, 0.0, 0.0, 1.0],
                [-0.43201, 0.553316, -0.712186, -0.097969, -0.609088, 0.403374, 0.682863, 2.92003, 0.665116, 0.728787, 0.162757, 1.018486, 0.0, 0.0, 0.0, 1.0],
                [-0.441487, 0.567461, -0.695039, -0.098628, -0.604259, 0.384595, 0.697825, 2.959982, 0.663296, 0.728063, 0.173099, 1.012331, 0.0, 0.0, 0.0, 1.0],
                [-0.446298, 0.579121, -0.68223, -0.099286, -0.604183, 0.367385, 0.707101, 3.009227, 0.660138, 0.727769, 0.185932, 0.998434, 0.0, 0.0, 0.0, 1.0],
                [-0.475273, 0.58966, -0.653006, -0.099586, -0.581299, 0.346686, 0.736139, 3.081693, 0.660459, 0.729459, 0.177999, 0.970246, 0.0, 0.0, 0.0, 1.0],
                [-0.563119, 0.574244, -0.594257, -0.096706, -0.515603, 0.31782, 0.795704, 3.184981, 0.645795, 0.754476, 0.117112, 0.924419, 0.0, 0.0, 0.0, 1.0],
                [-0.694523, 0.523142, -0.493924, -0.090369, -0.40059, 0.289078, 0.869461, 3.301384, 0.597634, 0.801721, 0.008794, 0.870417, 0.0, 0.0, 0.0, 1.0],
                [-0.818747, 0.464641, -0.337286, -0.084033, -0.231248, 0.270832, 0.934438, 3.406867, 0.525526, 0.843065, -0.114296, 0.820903, 0.0, 0.0, 0.0, 1.0],
                [-0.890544, 0.436657, -0.127526, -0.081153, -0.010552, 0.260436, 0.965433, 3.477396, 0.454776, 0.861106, -0.227322, 0.788542, 0.0, 0.0, 0.0, 1.0],
                [-0.885062, 0.450999, 0.115172, -0.08557, 0.246297, 0.243799, 0.93803, 3.504298, 0.394971, 0.858581, -0.326857, 0.778701, 0.0, 0.0, 0.0, 1.0],
                [-0.824022, 0.436657, 0.360998, -0.089987, 0.499877, 0.260436, 0.826012, 3.540349, 0.266667, 0.861106, -0.43288, 0.767557, 0.0, 0.0, 0.0, 1.0],
                [-0.714599, 0.35522, 0.602634, -0.089355, 0.699392, 0.380232, 0.605207, 3.637061, -0.014159, 0.853957, -0.520151, 0.731214, 0.0, 0.0, 0.0, 1.0],
                [-0.533956, 0.267353, 0.802131, -0.087965, 0.760133, 0.567227, 0.316941, 3.779449, -0.370255, 0.778958, -0.506098, 0.674673, 0.0, 0.0, 0.0, 1.0],
                [-0.346269, 0.225135, 0.91072, -0.086574, 0.690251, 0.718583, 0.084806, 3.935902, -0.635335, 0.657992, -0.404223, 0.610159, 0.0, 0.0, 0.0, 1.0],
                [-0.258817, 0.219649, 0.940621, -0.085942, 0.635579, 0.772017, -0.005395, 4.074809, -0.727361, 0.596443, -0.339415, 0.549913, 0.0, 0.0, 0.0, 1.0],
                [-0.252615, 0.222697, 0.94159, -0.085942, 0.642716, 0.766055, -0.00875, 4.171956, -0.723258, 0.602964, -0.336648, 0.503921, 0.0, 0.0, 0.0, 1.0],
                [-0.252488, 0.225968, 0.940845, -0.085942, 0.653217, 0.757143, -0.006548, 4.232719, -0.713834, 0.612922, -0.338775, 0.472918, 0.0, 0.0, 0.0, 1.0],
                [-0.256045, 0.232263, 0.938347, -0.085942, 0.663596, 0.74808, -0.004093, 4.269873, -0.702909, 0.621635, -0.345671, 0.455325, 0.0, 0.0, 0.0, 1.0],
                [-0.246045, 0.235055, 0.940325, -0.085942, 0.685145, 0.728402, -0.002806, 4.305306, -0.685594, 0.643568, -0.340266, 0.446334, 0.0, 0.0, 0.0, 1.0],
                [0.104724, 0.246407, 0.963492, -0.090104, 0.768977, 0.594291, -0.235568, 4.3779, -0.630641, 0.765572, -0.127245, 0.433, 0.0, 0.0, 0.0, 1.0],
                [0.682607, 0.150015, 0.715222, -0.097834, 0.627561, 0.381152, -0.678889, 4.457706, -0.374452, 0.91226, 0.166033, 0.418211, 0.0, 0.0, 0.0, 1.0],
                [0.877502, 0.050397, 0.476917, -0.101996, 0.442192, 0.29989, -0.8453, 4.495293, -0.185623, 0.952642, 0.240869, 0.409623, 0.0, 0.0, 0.0, 1.0],
                [0.877503, 0.050397, 0.476917, -0.101992, 0.442192, 0.29989, -0.8453, 4.494625, -0.185623, 0.952642, 0.240869, 0.406908, 0.0, 0.0, 0.0, 1.0],
                [0.877503, 0.050397, 0.476917, -0.101982, 0.442192, 0.29989, -0.8453, 4.492763, -0.185623, 0.952642, 0.240869, 0.404609, 0.0, 0.0, 0.0, 1.0],
                [0.877503, 0.050397, 0.476917, -0.101966, 0.442192, 0.29989, -0.8453, 4.489926, -0.185623, 0.952642, 0.240869, 0.402692, 0.0, 0.0, 0.0, 1.0],
                [0.877503, 0.050397, 0.476917, -0.101947, 0.442192, 0.29989, -0.8453, 4.48633, -0.185623, 0.952642, 0.240869, 0.401122, 0.0, 0.0, 0.0, 1.0],
                [0.877503, 0.050397, 0.476917, -0.101924, 0.442192, 0.29989, -0.8453, 4.482192, -0.185623, 0.952642, 0.240869, 0.399866, 0.0, 0.0, 0.0, 1.0],
                [0.877503, 0.050397, 0.476917, -0.101899, 0.442192, 0.29989, -0.8453, 4.477728, -0.185623, 0.952642, 0.240869, 0.398887, 0.0, 0.0, 0.0, 1.0],
                [0.877503, 0.050397, 0.476917, -0.101874, 0.442192, 0.29989, -0.8453, 4.473156, -0.185623, 0.952642, 0.240869, 0.398152, 0.0, 0.0, 0.0, 1.0],
                [0.877503, 0.050397, 0.476917, -0.10185, 0.442192, 0.29989, -0.8453, 4.468693, -0.185623, 0.952642, 0.240869, 0.397625, 0.0, 0.0, 0.0, 1.0],
                [0.877503, 0.050397, 0.476917, -0.101827, 0.442192, 0.29989, -0.8453, 4.464555, -0.185623, 0.952642, 0.240869, 0.397271, 0.0, 0.0, 0.0, 1.0],
                [0.877503, 0.050397, 0.476917, -0.101808, 0.442192, 0.29989, -0.8453, 4.460958, -0.185623, 0.952642, 0.240869, 0.397057, 0.0, 0.0, 0.0, 1.0],
                [0.877503, 0.050397, 0.476917, -0.101792, 0.442192, 0.29989, -0.8453, 4.458121, -0.185623, 0.952642, 0.240869, 0.396947, 0.0, 0.0, 0.0, 1.0],
                [0.877503, 0.050397, 0.476917, -0.101782, 0.442192, 0.29989, -0.8453, 4.45626, -0.185623, 0.952642, 0.240869, 0.396907, 0.0, 0.0, 0.0, 1.0],
                [0.877503, 0.050397, 0.476917, -0.101778, 0.442192, 0.29989, -0.8453, 4.455591, -0.185623, 0.952642, 0.240869, 0.396901, 0.0, 0.0, 0.0, 1.0],
                [0.877503, 0.050397, 0.476917, -0.101778, 0.442192, 0.29989, -0.8453, 4.456703, -0.185623, 0.952642, 0.240869, 0.397117, 0.0, 0.0, 0.0, 1.0],
                [0.877503, 0.050397, 0.476917, -0.10178, 0.442192, 0.29989, -0.8453, 4.45972, -0.185623, 0.952642, 0.240869, 0.397726, 0.0, 0.0, 0.0, 1.0],
                [0.877503, 0.050397, 0.476917, -0.101784, 0.442192, 0.29989, -0.8453, 4.464167, -0.185623, 0.952642, 0.240869, 0.398669, 0.0, 0.0, 0.0, 1.0],
                [0.877503, 0.050397, 0.476917, -0.101792, 0.442192, 0.29989, -0.8453, 4.469566, -0.185623, 0.952642, 0.240869, 0.399886, 0.0, 0.0, 0.0, 1.0],
                [0.877503, 0.050397, 0.476917, -0.101805, 0.442192, 0.29989, -0.8453, 4.475442, -0.185623, 0.952642, 0.240869, 0.401318, 0.0, 0.0, 0.0, 1.0],
                [0.877503, 0.050397, 0.476917, -0.101825, 0.442192, 0.29989, -0.8453, 4.481318, -0.185623, 0.952642, 0.240869, 0.402906, 0.0, 0.0, 0.0, 1.0],
                [0.877503, 0.050397, 0.476917, -0.101853, 0.442192, 0.29989, -0.8453, 4.486718, -0.185623, 0.952642, 0.240869, 0.40459, 0.0, 0.0, 0.0, 1.0],
                [0.877503, 0.050397, 0.476917, -0.101889, 0.442192, 0.29989, -0.8453, 4.491164, -0.185623, 0.952642, 0.240869, 0.40631, 0.0, 0.0, 0.0, 1.0],
                [0.877503, 0.050397, 0.476917, -0.101937, 0.442192, 0.29989, -0.8453, 4.494181, -0.185623, 0.952642, 0.240869, 0.408008, 0.0, 0.0, 0.0, 1.0],
                [0.877503, 0.050397, 0.476917, -0.101996, 0.442192, 0.29989, -0.8453, 4.495293, -0.185623, 0.952642, 0.240869, 0.409623, 0.0, 0.0, 0.0, 1.0],
                [0.877138, 0.050437, 0.477582, -0.102195, 0.442825, 0.299883, -0.844971, 4.495068, -0.185836, 0.952642, 0.240704, 0.411109, 0.0, 0.0, 0.0, 1.0],
                [0.87606, 0.050551, 0.479546, -0.102653, 0.444692, 0.299862, -0.843997, 4.494407, -0.186463, 0.952642, 0.240217, 0.412462, 0.0, 0.0, 0.0, 1.0],
                [0.874285, 0.050736, 0.482754, -0.103358, 0.447745, 0.299829, -0.842394, 4.493331, -0.187483, 0.952643, 0.239419, 0.41369, 0.0, 0.0, 0.0, 1.0],
                [0.871827, 0.050985, 0.487152, -0.104298, 0.451932, 0.299786, -0.84017, 4.49186, -0.188877, 0.952643, 0.23832, 0.414802, 0.0, 0.0, 0.0, 1.0],
                [0.868695, 0.051293, 0.492684, -0.10546, 0.4572, 0.299733, -0.837334, 4.490016, -0.190624, 0.952643, 0.236926, 0.415806, 0.0, 0.0, 0.0, 1.0],
                [0.864893, 0.051656, 0.499291, -0.106831, 0.463493, 0.299675, -0.833888, 4.487819, -0.1927, 0.952642, 0.235245, 0.41671, 0.0, 0.0, 0.0, 1.0],
                [0.860424, 0.052067, 0.506911, -0.1084, 0.470757, 0.299612, -0.829832, 4.48529, -0.195084, 0.952639, 0.233282, 0.417523, 0.0, 0.0, 0.0, 1.0],
                [0.855288, 0.052522, 0.515484, -0.110153, 0.478933, 0.299546, -0.825164, 4.482449, -0.197751, 0.952635, 0.231044, 0.418254, 0.0, 0.0, 0.0, 1.0],
                [0.849483, 0.053015, 0.524945, -0.112079, 0.487962, 0.29948, -0.819881, 4.479318, -0.200677, 0.952628, 0.228534, 0.41891, 0.0, 0.0, 0.0, 1.0],
                [0.843008, 0.053542, 0.53523, -0.114164, 0.497783, 0.299417, -0.813979, 4.475916, -0.203839, 0.952619, 0.225758, 0.419499, 0.0, 0.0, 0.0, 1.0],
                [0.835859, 0.054096, 0.546272, -0.116398, 0.508334, 0.299357, -0.807454, 4.472266, -0.20721, 0.952607, 0.222721, 0.420032, 0.0, 0.0, 0.0, 1.0],
                [0.828035, 0.054672, 0.558004, -0.118766, 0.519553, 0.299303, -0.800302, 4.468387, -0.210766, 0.952591, 0.219428, 0.420515, 0.0, 0.0, 0.0, 1.0],
                [0.819536, 0.055265, 0.570356, -0.121257, 0.531374, 0.299256, -0.79252, 4.464301, -0.214481, 0.952571, 0.215885, 0.420956, 0.0, 0.0, 0.0, 1.0],
                [0.810362, 0.055868, 0.58326, -0.123859, 0.543733, 0.299219, -0.784106, 4.460028, -0.218329, 0.952547, 0.212099, 0.421366, 0.0, 0.0, 0.0, 1.0],
                [0.800516, 0.056477, 0.596644, -0.126558, 0.556564, 0.299193, -0.775062, 4.455588, -0.222285, 0.95252, 0.208076, 0.421751, 0.0, 0.0, 0.0, 1.0],
                [0.790003, 0.057085, 0.610439, -0.129342, 0.569801, 0.299178, -0.765388, 4.451004, -0.226323, 0.952488, 0.203825, 0.42212, 0.0, 0.0, 0.0, 1.0],
                [0.778832, 0.057687, 0.624574, -0.1322, 0.583377, 0.299177, -0.755092, 4.446294, -0.230418, 0.952452, 0.199355, 0.422482, 0.0, 0.0, 0.0, 1.0],
                [0.767013, 0.058277, 0.638979, -0.135118, 0.597226, 0.299189, -0.744182, 4.441481, -0.234544, 0.952412, 0.194678, 0.422844, 0.0, 0.0, 0.0, 1.0],
                [0.754563, 0.058848, 0.653584, -0.138085, 0.611283, 0.299216, -0.732668, 4.436585, -0.238679, 0.952369, 0.189804, 0.423216, 0.0, 0.0, 0.0, 1.0],
                [0.7415, 0.059395, 0.668319, -0.141087, 0.625482, 0.299257, -0.720568, 4.431627, -0.242797, 0.952322, 0.184749, 0.423605, 0.0, 0.0, 0.0, 1.0],
                [0.727846, 0.059911, 0.683118, -0.144113, 0.639759, 0.299311, -0.707899, 4.426627, -0.246876, 0.952273, 0.179524, 0.42402, 0.0, 0.0, 0.0, 1.0],
                [0.71363, 0.06039, 0.697915, -0.14715, 0.654053, 0.29938, -0.694685, 4.421606, -0.250894, 0.952221, 0.174148, 0.42447, 0.0, 0.0, 0.0, 1.0],
                [0.725508, 0.061793, 0.685434, -0.144876, 0.64276, 0.29511, -0.706944, 4.427029, -0.245962, 0.953463, 0.174386, 0.42972, 0.0, 0.0, 0.0, 1.0],
                [0.737234, 0.063125, 0.672683, -0.142602, 0.631194, 0.29079, -0.719052, 4.432452, -0.240999, 0.954702, 0.174536, 0.43497, 0.0, 0.0, 0.0, 1.0],
                [0.748799, 0.064385, 0.659663, -0.140328, 0.619355, 0.286423, -0.731, 4.437875, -0.236008, 0.955937, 0.174596, 0.440221, 0.0, 0.0, 0.0, 1.0],
                [0.760195, 0.065571, 0.646378, -0.138054, 0.607246, 0.28201, -0.742781, 4.443299, -0.23099, 0.957168, 0.174565, 0.445471, 0.0, 0.0, 0.0, 1.0],
                [0.771414, 0.066681, 0.63283, -0.13578, 0.594869, 0.277553, -0.754385, 4.448722, -0.225947, 0.958393, 0.174441, 0.450721, 0.0, 0.0, 0.0, 1.0],
                [0.782448, 0.067715, 0.619024, -0.133507, 0.582226, 0.273052, -0.765804, 4.454145, -0.220882, 0.959613, 0.174224, 0.455971, 0.0, 0.0, 0.0, 1.0],
                [0.793288, 0.068669, 0.604962, -0.131233, 0.569321, 0.268511, -0.77703, 4.459568, -0.215797, 0.960826, 0.173912, 0.461222, 0.0, 0.0, 0.0, 1.0],
                [0.803926, 0.069544, 0.590649, -0.128959, 0.556157, 0.26393, -0.788054, 4.464991, -0.210695, 0.962031, 0.173503, 0.466472, 0.0, 0.0, 0.0, 1.0],
                [0.814354, 0.070337, 0.57609, -0.126685, 0.542738, 0.259313, -0.798869, 4.470414, -0.205577, 0.963229, 0.172998, 0.471722, 0.0, 0.0, 0.0, 1.0],
                [0.824565, 0.071046, 0.561289, -0.124411, 0.529069, 0.25466, -0.809466, 4.475837, -0.200447, 0.964417, 0.172395, 0.476972, 0.0, 0.0, 0.0, 1.0],
                [0.83455, 0.071672, 0.54625, -0.122137, 0.515152, 0.249974, -0.819836, 4.48126, -0.195308, 0.965596, 0.171694, 0.482222, 0.0, 0.0, 0.0, 1.0],
                [0.844301, 0.072212, 0.530981, -0.119864, 0.500993, 0.245257, -0.829973, 4.486684, -0.19016, 0.966765, 0.170893, 0.487473, 0.0, 0.0, 0.0, 1.0],
                [0.853812, 0.072665, 0.515485, -0.11759, 0.486597, 0.240511, -0.839868, 4.492107, -0.185009, 0.967923, 0.169993, 0.492723, 0.0, 0.0, 0.0, 1.0],
                [0.863074, 0.07303, 0.49977, -0.115316, 0.47197, 0.235738, -0.849513, 4.49753, -0.179855, 0.969069, 0.168992, 0.497973, 0.0, 0.0, 0.0, 1.0],
                [0.87208, 0.073306, 0.483842, -0.113042, 0.457117, 0.230942, -0.8589, 4.502953, -0.174702, 0.970202, 0.16789, 0.503223, 0.0, 0.0, 0.0, 1.0],
                [0.880823, 0.073493, 0.467707, -0.110768, 0.442044, 0.226123, -0.868024, 4.508376, -0.169553, 0.971322, 0.166687, 0.508473, 0.0, 0.0, 0.0, 1.0],
                [0.889297, 0.073588, 0.451372, -0.108494, 0.426757, 0.221285, -0.876876, 4.513799, -0.16441, 0.972429, 0.165383, 0.513724, 0.0, 0.0, 0.0, 1.0],
                [0.897493, 0.073593, 0.434845, -0.106221, 0.411263, 0.216429, -0.88545, 4.519222, -0.159276, 0.973521, 0.163978, 0.518974, 0.0, 0.0, 0.0, 1.0],
                [0.905407, 0.073505, 0.418132, -0.103947, 0.395568, 0.211559, -0.893738, 4.524645, -0.154154, 0.974597, 0.162471, 0.524224, 0.0, 0.0, 0.0, 1.0],
                [0.913032, 0.073324, 0.401243, -0.101673, 0.379681, 0.206677, -0.901736, 4.530069, -0.149047, 0.975658, 0.160863, 0.529474, 0.0, 0.0, 0.0, 1.0],
                [0.920362, 0.073051, 0.384185, -0.099399, 0.363607, 0.201786, -0.909435, 4.535492, -0.143958, 0.976701, 0.159154, 0.534725, 0.0, 0.0, 0.0, 1.0],
                [0.927391, 0.072683, 0.366966, -0.097125, 0.347356, 0.196888, -0.916831, 4.540915, -0.138889, 0.977728, 0.157345, 0.539975, 0.0, 0.0, 0.0, 1.0],
                [0.934113, 0.072222, 0.349594, -0.094851, 0.330935, 0.191985, -0.923918, 4.546338, -0.133844, 0.978737, 0.155435, 0.545225, 0.0, 0.0, 0.0, 1.0],
                [0.940525, 0.071667, 0.33208, -0.092578, 0.314352, 0.187081, -0.93069, 4.551761, -0.128826, 0.979727, 0.153426, 0.550475, 0.0, 0.0, 0.0, 1.0],
                [0.94662, 0.071018, 0.314431, -0.090304, 0.297615, 0.182179, -0.937143, 4.557184, -0.123837, 0.980697, 0.151318, 0.555725, 0.0, 0.0, 0.0, 1.0],
                [0.952395, 0.070275, 0.296656, -0.08803, 0.280733, 0.17728, -0.943271, 4.562607, -0.118879, 0.981648, 0.149112, 0.560976, 0.0, 0.0, 0.0, 1.0],
                [0.957846, 0.069437, 0.278766, -0.085756, 0.263715, 0.172387, -0.949072, 4.56803, -0.113957, 0.982579, 0.146809, 0.566226, 0.0, 0.0, 0.0, 1.0],
                [0.962967, 0.068506, 0.260769, -0.083482, 0.246571, 0.167504, -0.954539, 4.573454, -0.109072, 0.983488, 0.144409, 0.571476, 0.0, 0.0, 0.0, 1.0],
                [0.967758, 0.067482, 0.242676, -0.081208, 0.229308, 0.162633, -0.959671, 4.578877, -0.104227, 0.984376, 0.141915, 0.576726, 0.0, 0.0, 0.0, 1.0],
                [0.972213, 0.066364, 0.224496, -0.078935, 0.211936, 0.157776, -0.964464, 4.5843, -0.099426, 0.985242, 0.139326, 0.581976, 0.0, 0.0, 0.0, 1.0],
                [0.97633, 0.065155, 0.206238, -0.076661, 0.194465, 0.152936, -0.968914, 4.589723, -0.09467, 0.986086, 0.136646, 0.587227, 0.0, 0.0, 0.0, 1.0],
                [0.980108, 0.063853, 0.187914, -0.074387, 0.176905, 0.148116, -0.973019, 4.595146, -0.089963, 0.986906, 0.133874, 0.592477, 0.0, 0.0, 0.0, 1.0],
                [0.983543, 0.06246, 0.169532, -0.072113, 0.159264, 0.143319, -0.976778, 4.600569, -0.085307, 0.987704, 0.131013, 0.597727, 0.0, 0.0, 0.0, 1.0],
                [0.986635, 0.060977, 0.151104, -0.069839, 0.141554, 0.138547, -0.980187, 4.605992, -0.080704, 0.988477, 0.128064, 0.602977, 0.0, 0.0, 0.0, 1.0],
                [0.989383, 0.059405, 0.132639, -0.067565, 0.123782, 0.133803, -0.983247, 4.611416, -0.076157, 0.989226, 0.125029, 0.608228, 0.0, 0.0, 0.0, 1.0],
                [0.991784, 0.057745, 0.114147, -0.065292, 0.10596, 0.129089, -0.985956, 4.616839, -0.071669, 0.98995, 0.12191, 0.613478, 0.0, 0.0, 0.0, 1.0],
                [0.99384, 0.055997, 0.095639, -0.063018, 0.088097, 0.124408, -0.988312, 4.622262, -0.067241, 0.99065, 0.118708, 0.618728, 0.0, 0.0, 0.0, 1.0],
                [0.995549, 0.054163, 0.077124, -0.060744, 0.070203, 0.119762, -0.990317, 4.627685, -0.062876, 0.991324, 0.115427, 0.623978, 0.0, 0.0, 0.0, 1.0],
                [0.996913, 0.052245, 0.058614, -0.05847, 0.052288, 0.115154, -0.991971, 4.633108, -0.058575, 0.991973, 0.112066, 0.629228, 0.0, 0.0, 0.0, 1.0],
                [0.997931, 0.050244, 0.040117, -0.056196, 0.034362, 0.110585, -0.993272, 4.638531, -0.054342, 0.992596, 0.10863, 0.634479, 0.0, 0.0, 0.0, 1.0],
                [0.998605, 0.048161, 0.021644, -0.053922, 0.016434, 0.106059, -0.994224, 4.643954, -0.050178, 0.993193, 0.10512, 0.639729, 0.0, 0.0, 0.0, 1.0],
                [0.998936, 0.045997, 0.003205, -0.051649, -0.001485, 0.101578, -0.994826, 4.649377, -0.046085, 0.993764, 0.101538, 0.644979, 0.0, 0.0, 0.0, 1.0],
                [0.998927, 0.043755, -0.01519, -0.049375, -0.019387, 0.097143, -0.995082, 4.654801, -0.042065, 0.994308, 0.097887, 0.650229, 0.0, 0.0, 0.0, 1.0],
                [0.998578, 0.041437, -0.033532, -0.047101, -0.037261, 0.092757, -0.994991, 4.660224, -0.038119, 0.994826, 0.094169, 0.655479, 0.0, 0.0, 0.0, 1.0],
                [0.997893, 0.039043, -0.051812, -0.044827, -0.055098, 0.088422, -0.994558, 4.665647, -0.034249, 0.995318, 0.090387, 0.66073, 0.0, 0.0, 0.0, 1.0],
                [0.996875, 0.036576, -0.070019, -0.042553, -0.072889, 0.084139, -0.993785, 4.67107, -0.030457, 0.995782, 0.086542, 0.66598, 0.0, 0.0, 0.0, 1.0],
                [0.995526, 0.034037, -0.088146, -0.040279, -0.090625, 0.079912, -0.992674, 4.676493, -0.026744, 0.996221, 0.082639, 0.67123, 0.0, 0.0, 0.0, 1.0],
                [0.99385, 0.031429, -0.106181, -0.038006, -0.108296, 0.07574, -0.991229, 4.681916, -0.023111, 0.996632, 0.078678, 0.67648, 0.0, 0.0, 0.0, 1.0],
                [0.991851, 0.028753, -0.124118, -0.035732, -0.125895, 0.071627, -0.989454, 4.687339, -0.01956, 0.997017, 0.074664, 0.681731, 0.0, 0.0, 0.0, 1.0],
                [0.989532, 0.026012, -0.141947, -0.033458, -0.143411, 0.067574, -0.987354, 4.692762, -0.016091, 0.997375, 0.070597, 0.686981, 0.0, 0.0, 0.0, 1.0],
                [0.986899, 0.023208, -0.15966, -0.031184, -0.160837, 0.063582, -0.984931, 4.698186, -0.012707, 0.997707, 0.066482, 0.692231, 0.0, 0.0, 0.0, 1.0],
                [0.983956, 0.020343, -0.177249, -0.02891, -0.178164, 0.059653, -0.982191, 4.703609, -0.009407, 0.998012, 0.062321, 0.697481, 0.0, 0.0, 0.0, 1.0],
                [0.980707, 0.017418, -0.194706, -0.026636, -0.195385, 0.055789, -0.979139, 4.709032, -0.006193, 0.998291, 0.058116, 0.702731, 0.0, 0.0, 0.0, 1.0],
                [0.977158, 0.014437, -0.212023, -0.024363, -0.212491, 0.05199, -0.975779, 4.714455, -0.003064, 0.998543, 0.05387, 0.707982, 0.0, 0.0, 0.0, 1.0],
                [0.973314, 0.011401, -0.229192, -0.022089, -0.229476, 0.048257, -0.972117, 4.719878, -2.3e-05, 0.99877, 0.049586, 0.713232, 0.0, 0.0, 0.0, 1.0],
                [0.969181, 0.008313, -0.246208, -0.019815, -0.246331, 0.044593, -0.968159, 4.725301, 0.002931, 0.998971, 0.045266, 0.718482, 0.0, 0.0, 0.0, 1.0],
                [0.964765, 0.005174, -0.263062, -0.017541, -0.263049, 0.040997, -0.963911, 4.730724, 0.005797, 0.999146, 0.040914, 0.723732, 0.0, 0.0, 0.0, 1.0],
                [0.960071, 0.001988, -0.279749, -0.015267, -0.279625, 0.037472, -0.959378, 4.736147, 0.008575, 0.999296, 0.036531, 0.728983, 0.0, 0.0, 0.0, 1.0],
                [0.955106, -0.001244, -0.296262, -0.012993, -0.296051, 0.034017, -0.954566, 4.741571, 0.011265, 0.99942, 0.032121, 0.734233, 0.0, 0.0, 0.0, 1.0],
                [0.949876, -0.004519, -0.312595, -0.01072, -0.31232, 0.030633, -0.949483, 4.746994, 0.013866, 0.99952, 0.027686, 0.739483, 0.0, 0.0, 0.0, 1.0],
                [0.944387, -0.007835, -0.328743, -0.008446, -0.328428, 0.027322, -0.944134, 4.752417, 0.016379, 0.999596, 0.023229, 0.744733, 0.0, 0.0, 0.0, 1.0],
                [0.938646, -0.01119, -0.3447, -0.006172, -0.344369, 0.024084, -0.938526, 4.75784, 0.018803, 0.999647, 0.018753, 0.749983, 0.0, 0.0, 0.0, 1.0]
            ]
        },
        {
            "name": "Thigh_R",
            "time": [0.0167, 0.0333, 0.05, 0.0667, 0.0833, 0.1, 0.1167, 0.1333, 0.15, 0.1667, 0.1833, 0.2, 0.2167, 0.2333, 0.25, 0.2667, 0.2833, 0.3, 0.3167, 0.3333, 0.35, 0.3667, 0.3833, 0.4, 0.4167, 0.4333, 0.45, 0.4667, 0.4833, 0.5, 0.5167, 0.5333, 0.55, 0.5667, 0.5833, 0.6, 0.6167, 0.6333, 0.65, 0.6667, 0.6833, 0.7, 0.7167, 0.7333, 0.75, 0.7667, 0.7833, 0.8, 0.8167, 0.8333, 0.85, 0.8667, 0.8833, 0.9, 0.9167, 0.9333, 0.95, 0.9667, 0.9833, 1.0, 1.0167, 1.0333, 1.05, 1.0667, 1.0833, 1.1, 1.1167, 1.1333, 1.15, 1.1667, 1.1833, 1.2, 1.2167, 1.2333, 1.25, 1.2667, 1.2833, 1.3, 1.3167, 1.3333, 1.35, 1.3667, 1.3833, 1.4, 1.4167, 1.4333, 1.45, 1.4667, 1.4833, 1.5, 1.5167, 1.5333, 1.55, 1.5667, 1.5833, 1.6, 1.6167, 1.6333, 1.65, 1.6667, 1.6833, 1.7, 1.7167, 1.7333, 1.75, 1.7667, 1.7833, 1.8, 1.8167, 1.8333, 1.85, 1.8667, 1.8833, 1.9, 1.9167, 1.9333, 1.95, 1.9667, 1.9833, 2.0, 2.0167, 2.0333, 2.05, 2.0667, 2.0833, 2.1, 2.1167, 2.1333, 2.15, 2.1667, 2.1833, 2.2, 2.2167, 2.2333, 2.25, 2.2667, 2.2833, 2.3, 2.3167, 2.3333, 2.35, 2.3667, 2.3833, 2.4, 2.4167, 2.4333, 2.45, 2.4667, 2.4833, 2.5, 2.5167, 2.5333, 2.55, 2.5667, 2.5833, 2.6, 2.6167, 2.6333, 2.65, 2.6667, 2.6833, 2.7, 2.7167, 2.7333, 2.75, 2.7667, 2.7833, 2.8, 2.8167, 2.8333, 2.85, 2.8667, 2.8833, 2.9, 2.9167, 2.9333, 2.95, 2.9667, 2.9833, 3.0, 3.0167, 3.0333, 3.05, 3.0667, 3.0833, 3.1, 3.1167, 3.1333, 3.15, 3.1667, 3.1833, 3.2, 3.2167, 3.2333, 3.25, 3.2667, 3.2833, 3.3, 3.3167, 3.3333],
            "transform": [
                [0.991578, 0.128675, -0.014698, 0.149774, 0.129289, -0.976824, 0.170592, 0.001407, 0.007594, -0.171056, -0.985232, -0.001065, 0.0, 0.0, 0.0, 1.0],
                [0.991307, 0.130696, -0.015109, 0.149773, 0.131286, -0.975165, 0.178379, 0.001407, 0.008579, -0.178812, -0.983846, -0.001065, 0.0, 0.0, 0.0, 1.0],
                [0.990463, 0.136816, -0.016231, 0.149773, 0.137286, -0.970151, 0.199903, 0.001408, 0.011603, -0.200225, -0.979681, -0.001065, 0.0, 0.0, 0.0, 1.0],
                [0.988919, 0.14746, -0.01715, 0.149774, 0.147392, -0.961477, 0.232032, 0.001408, 0.017726, -0.231989, -0.972557, -0.001065, 0.0, 0.0, 0.0, 1.0],
                [0.986392, 0.163618, -0.016122, 0.149774, 0.161794, -0.948593, 0.272019, 0.001408, 0.029214, -0.270926, -0.962157, -0.001065, 0.0, 0.0, 0.0, 1.0],
                [0.982298, 0.187021, -0.010706, 0.149773, 0.180656, -0.930658, 0.318183, 0.001407, 0.049543, -0.314484, -0.947969, -0.001065, 0.0, 0.0, 0.0, 1.0],
                [0.975448, 0.220221, 0.002046, 0.149773, 0.203845, -0.90635, 0.370105, 0.001407, 0.083359, -0.360601, -0.928987, -0.001065, 0.0, 0.0, 0.0, 1.0],
                [0.963562, 0.266319, 0.024934, 0.149773, 0.230375, -0.873642, 0.428578, 0.001408, 0.135922, -0.407217, -0.903161, -0.001065, 0.0, 0.0, 0.0, 1.0],
                [0.942915, 0.327777, 0.05894, 0.149774, 0.257519, -0.829825, 0.49505, 0.001407, 0.211176, -0.451612, -0.866862, -0.001065, 0.0, 0.0, 0.0, 1.0],
                [0.909345, 0.40378, 0.100264, 0.149773, 0.280093, -0.772355, 0.570101, 0.001407, 0.307636, -0.490335, -0.815434, -0.001065, 0.0, 0.0, 0.0, 1.0],
                [0.862351, 0.487104, 0.13813, 0.149774, 0.291597, -0.700839, 0.650997, 0.001408, 0.41391, -0.52111, -0.746407, -0.001065, 0.0, 0.0, 0.0, 1.0],
                [0.810167, 0.564441, 0.158225, 0.149773, 0.28833, -0.618712, 0.730796, 0.001408, 0.510386, -0.546446, -0.664005, -0.001065, 0.0, 0.0, 0.0, 1.0],
                [0.767997, 0.622222, 0.151725, 0.149774, 0.27285, -0.532202, 0.801445, 0.001407, 0.579425, -0.57411, -0.578503, -0.001065, 0.0, 0.0, 0.0, 1.0],
                [0.748628, 0.651987, 0.120288, 0.149774, 0.252158, -0.447801, 0.857841, 0.001408, 0.613165, -0.611873, -0.49964, -0.001065, 0.0, 0.0, 0.0, 1.0],
                [0.751507, 0.655107, 0.077919, 0.151069, 0.233524, -0.374613, 0.897291, 0.001474, 0.617011, -0.656125, -0.434508, -0.003426, 0.0, 0.0, 0.0, 1.0],
                [0.769604, 0.637723, 0.031934, 0.154542, 0.222479, -0.314695, 0.922752, 0.00166, 0.598509, -0.703049, -0.38407, -0.009754, 0.0, 0.0, 0.0, 1.0],
                [0.797294, 0.603396, -0.015284, 0.159571, 0.218236, -0.264572, 0.939347, 0.001945, 0.562755, -0.752273, -0.342625, -0.018915, 0.0, 0.0, 0.0, 1.0],
                [0.829279, 0.555758, -0.058551, 0.165532, 0.216073, -0.222252, 0.950746, 0.002308, 0.515371, -0.801085, -0.304394, -0.029776, 0.0, 0.0, 0.0, 1.0],
                [0.86216, 0.498121, -0.092492, 0.171804, 0.210873, -0.186823, 0.959495, 0.002728, 0.460665, -0.846743, -0.266111, -0.041204, 0.0, 0.0, 0.0, 1.0],
                [0.894011, 0.43369, -0.11251, 0.177765, 0.198358, -0.157949, 0.96732, 0.003184, 0.401745, -0.887112, -0.227234, -0.052064, 0.0, 0.0, 0.0, 1.0],
                [0.923522, 0.365958, -0.114807, 0.182793, 0.174956, -0.135579, 0.975198, 0.003656, 0.341315, -0.920703, -0.189237, -0.061224, 0.0, 0.0, 0.0, 1.0],
                [0.949387, 0.299076, -0.09601, 0.186266, 0.137195, -0.119862, 0.983266, 0.004122, 0.282563, -0.946672, -0.154827, -0.067551, 0.0, 0.0, 0.0, 1.0],
                [0.969785, 0.238207, -0.052681, 0.187562, 0.081173, -0.111426, 0.990452, 0.004562, 0.230063, -0.964802, -0.127395, -0.06991, 0.0, 0.0, 0.0, 1.0],
                [0.981524, 0.191319, 0.002931, 0.186541, 0.012959, -0.08175, 0.996569, 0.00496, 0.190902, -0.978118, -0.082719, -0.067865, 0.0, 0.0, 0.0, 1.0],
                [0.983111, 0.173752, 0.057467, 0.183768, -0.054007, -0.02458, 0.998237, 0.005315, 0.174859, -0.984483, -0.014781, -0.062318, 0.0, 0.0, 0.0, 1.0],
                [0.975679, 0.195057, 0.100011, 0.179681, -0.106098, 0.020985, 0.994135, 0.005628, 0.191815, -0.980568, 0.04117, -0.054146, 0.0, 0.0, 0.0, 1.0],
                [0.961174, 0.254179, 0.107412, 0.174719, -0.116086, 0.019331, 0.993051, 0.005899, 0.250336, -0.966965, 0.048087, -0.044222, 0.0, 0.0, 0.0, 1.0],
                [0.935507, 0.348634, 0.057286, 0.169319, -0.03893, -0.059436, 0.997473, 0.006127, 0.351157, -0.935374, -0.04203, -0.033425, 0.0, 0.0, 0.0, 1.0],
                [0.870039, 0.491225, -0.041602, 0.163918, 0.167813, -0.215758, 0.961919, 0.006314, 0.463542, -0.843888, -0.270151, -0.022626, 0.0, 0.0, 0.0, 1.0],
                [0.733093, 0.671365, -0.108838, 0.158956, 0.449955, -0.358744, 0.817828, 0.006458, 0.510016, -0.648516, -0.565076, -0.012704, 0.0, 0.0, 0.0, 1.0],
